3657
10455
19593
25872
14228
14062
12960
30456
21915
219
2830
25677
24062
22997
1
794
4326
31337
15514
4999
10544
20
15929
23561
22479
2833
19196
21974
3691
28272
12674
32156
23886
9832
13813
7282
26753
2286
20551
7439
14386
25734
8123
16697
26713
346
14248
19329
31644
14473
10618
28974
21871
5569
28665
10359
8063
14096
8142
9973
7761
24311
322
9303
14630
27841
30538
13656
14627
12050
22465
21230
942
17603
6388
25028
21531
32749
30819
19947
14472
32580
32454
3789
22021
29095
1359
10082
14329
14325
8239
30374
11969
22817
4699
27722
409
31881
11920
30121
30656
24195
18836
14079
31959
29497
8640
25813
25738
11192
24507
20928
4467
4419
5256
1099
827
10989
22723
26930
4099
24935
28967
30161
19714
21782
7252
20187
27247
23144
28111
18255
1697
4201
23115
19368
15477
17809
22823
3413
28912
7904
16183
616
9253
13614
14023
3474
18777
7356
30941
25167
27238
2830
11199
31070
6749
3837
2741
10612
31599
3848
15120
14385
23566
491
29291
30547
12111
5491
21041
16938
25747
14224
7264
28492
25190
13740
9612
2697
10407
26171
10278
27425
24042
4243
23806
31285
19482
1790
32007
15740
4195
9998
4186
31287
590
13361
11902
1127
5678
16517
5095
3645
16060
6126
12476
3026
4606
24933
5342
32536
13677
27283
23845
16401
21846
20894
1517
5438
11137
323
18129
12379
22801
13093
23478
25417
6059
27748
24332
8524
1498
10354
6480
8310
4786
9762
27093
12131
19636
2818
11461
4903
6130
20715
16994
389
3956
12758
7058
2914
5593
1521
28571
2936
22849
18419
32555
27983
20075
13228
2203
24681
26395
13024
20852
19389
1983
3157
26931
5480
81
2347
2377
4766
3199
1132
13926
13286
7946
6372
1783
16775
31852
24883
13038
15421
26813
32288
20673
13873
27863
22320
25525
14376
30393
18808
8028
1787
22825
14511
1116
23879
28318
13959
14963
28005
25436
13373
19384
16285
27361
29295
9508
16534
25728
9007
80
5137
13132
29269
6784
32727
19767
26649
23777
752
17787
23009
23055
27926
22073
23895
17626
2666
11616
29119
17482
14181
209
21384
18657
28944
11713
11808
18207
13688
26462
8205
31564
18524
14517
17722
6769
12330
24019
15246
5288
32554
14378
21955
19605
15608
25143
28790
26677
1079
9826
7546
7894
10372
23846
6514
10343
30889
30321
16287
12786
28947
12878
28662
31591
29319
19649
7030
667
20752
8434
27320
24464
20284
1934
13000
13815
22919
29803
11315
24563
5656
5995
8289
13856
7339
1186
293
6356
27343
10171
7827
7845
26705
1687
28434
3115
4088
5944
7602
30983
4210
11486
21183
17955
31119
16495
27286
18748
18861
6172
3767
20894
28532
4674
25884
27183
5059
6030
18889
31919
16361
30821
18085
14910
13337
14723
15752
27935
536
5090
30869
6075
16441
11229
5322
1257
26763
17301
31445
11628
14417
27796
23081
5821
9138
31920
23122
3852
12722
18994
30341
27265
21601
29496
14204
9671
4434
13400
16257
4555
3663
4742
23752
27841
22091
23608
5633
3177
27288
17864
25902
32144
29787
9497
5298
15577
10812
4221
29355
27837
15970
25814
20098
11473
26782
30460
29889
30279
24806
29791
7460
8632
24070
14062
32498
31265
27794
4151
32653
299
12831
20431
12104
18607
28850
2292
2170
1401
24185
23409
9425
16204
9657
17346
23784
16935
8456
13945
1563
13511
10172
2784
17050
30829
32419
30944
6076
13793
16629
11809
16022
15287
21894
15987
25293
4561
17472
29549
17320
26149
32721
16211
27497
14016
30625
22333
28894
23819
1543
14454
30515
24142
3772
7459
24586
9586
24976
9253
25549
2571
13659
12352
1091
18582
20279
17020
3426
20478
10732
21451
6245
2150
12716
29165
17694
30498
26625
9105
7564
25606
1027
22461
22448
25572
25294
25711
27037
27728
23603
22661
9167
21670
20398
9434
17853
26703
32152
24754
16561
28223
158
11608
7384
18882
31602
32005
13461
6265
20160
16644
14875
29087
27492
17172
15163
10897
5338
11790
6010
17550
10230
2503
7271
26555
14805
11832
15404
3946
8979
29148
4706
19355
19262
5978
11050
15299
18571
15972
16505
9933
10184
23519
25011
21599
28818
32068
14716
2910
14792
23366
26059
22964
25152
32693
5695
2385
16824
674
25783
26223
26127
8900
7197
15131
12469
15642
24962
9201
26720
26578
29552
8743
4864
13418
29563
3789
11254
23829
28186
21330
2688
24928
5301
2891
3192
22037
24063
29552
22847
27743
134
18919
20724
29744
31625
966
31721
24032
8713
31699
3671
32535
23586
32398
21584
7916
4764
22385
6646
3406
30910
17270
25579
18851
10338
27866
3080
31920
17487
21536
5714
18873
5314
19034
21033
15081
21070
24740
7107
19700
4838
28913
20953
24058
3385
9226
21408
943
9790
6355
6907
3257
32015
4304
18159
12633
26874
17897
10839
14158
7637
19818
13017
3318
27283
11342
15384
8119
17941
189
9003
29085
7746
25811
11855
12868
7514
28323
7384
24313
22919
29052
29550
11804
8886
25707
22645
18888
25252
4608
5325
7607
17212
30037
3260
15455
3872
26701
17704
8033
134
1818
18698
18212
29253
27906
799
32189
10031
11874
24545
16659
7074
13299
19381
6208
5466
23372
24934
22586
25993
168
23762
7090
4394
21994
9699
29244
21394
10974
1985
2737
12104
2754
26694
23761
278
21253
5043
5677
18784
10062
28833
20037
8117
26304
12346
17901
1188
1661
20136
13813
1489
30056
30670
28936
26696
27952
9270
23765
19728
21642
587
1645
1028
5821
32713
21996
222
5220
1905
9564
9877
4463
18177
16086
23785
17516
4451
1514
9275
27397
12581
20546
7075
1993
16169
12673
11581
11567
20894
15985
21699
31191
5934
2910
13409
10772
12921
27069
27588
25256
27075
10514
25973
6350
32489
24336
3685
15230
17306
31489
11209
492
15811
10344
17191
850
28747
17637
18609
31727
7169
27994
2003
25423
3283
26188
31240
14286
18240
25484
32753
9048
10768
29462
12456
23922
22594
3897
13138
28286
32582
7160
22259
14394
19820
21425
23687
26507
11421
26364
10062
13177
5449
21462
18279
3450
3488
14335
4768
9971
10501
8864
16269
28668
7103
10545
14039
29540
14066
17306
3799
13300
24782
13208
25955
28408
23815
31587
3048
26620
31109
10126
14777
8660
29532
28718
14503
10463
10238
30014
16338
21132
26288
6722
28863
5660
30266
17707
10922
25258
8931
1147
10269
5737
26780
24745
6849
31534
3452
23751
14709
27694
16492
27234
29853
2312
4132
21674
17596
6662
20054
26322
18246
2463
13096
20922
7599
5953
21736
5324
17096
10062
18427
28196
19019
21605
31511
5619
16052
9698
9139
18725
4435
4008
20155
26433
20640
7966
27015
10129
6350
31095
22286
10628
29347
3895
25943
25680
5254
10482
14129
14811
14810
12631
30244
12508
1162
24686
24743
6717
7397
11294
2195
9669
941
8690
21976
10739
19050
3613
8559
9005
9732
5051
31888
11802
3985
6745
30756
332
26476
13496
125
10786
20103
25806
8517
4332
10754
24846
17844
2129
1276
16105
18694
27630
17577
9877
27437
4672
25252
29709
32195
5572
8583
26969
23874
14684
28602
22031
2679
27637
27784
22554
30772
12135
17272
6586
24902
26268
20954
12492
15014
20213
19104
844
5620
10473
19567
21784
2080
21488
7670
25334
26731
24991
1151
11993
31630
25620
26819
24928
24376
31636
15875
25760
18878
26483
24404
7203
29198
7732
22331
24112
13286
12530
17785
4685
17475
32255
22312
6403
2587
30410
1287
24801
28494
32006
3091
19652
15835
6920
21591
20309
23887
7025
14852
24530
1156
17422
27844
11282
13191
14332
22860
11203
2522
17680
20784
30967
19676
8309
25852
4575
12933
22167
9344
26581
17494
29248
14699
24480
28304
7937
4124
9972
4005
19156
692
825
7148
2815
14960
32141
10648
18492
15158
4108
30955
30230
19821
14415
19623
22934
14866
4914
9926
8991
3336
26075
15722
24471
20912
14328
15383
1223
32186
25415
9504
7429
32315
15452
26463
22032
6911
14495
31785
30523
9248
13716
8577
718
7639
17759
1164
1705
24211
9351
28742
24618
21320
15610
21618
30545
24074
23121
14551
13602
730
29526
28841
14667
22208
11459
8774
4871
25882
31053
30499
322
32563
31457
2053
32254
10775
2350
22900
6389
7846
355
31852
25984
4072
17210
10071
32695
11168
32565
23352
27866
2340
14887
26921
23280
31339
10743
27655
941
29544
20385
2668
13977
31638
29309
5341
20079
24021
24772
21573
5571
2676
6480
7330
24296
24463
17059
30719
21265
19355
4907
32162
15542
32319
3781
10630
20794
7013
15743
18444
15818
9362
16290
18925
31624
3186
25328
5235
12009
10424
7466
8681
5723
30245
4053
1616
19500
25317
31038
11347
24487
4898
14012
24189
2432
21460
15413
28842
32626
12246
9443
7611
11046
23359
16728
28046
18519
26863
18112
14126
11828
32360
871
4934
18437
31200
15483
21212
274
16020
6418
20027
10176
7006
15982
8241
3070
32650
384
8571
23775
29158
20908
14462
2440
32280
16588
20792
10573
3124
19575
4469
12055
22158
19587
7494
27657
29133
10952
32687
9571
6977
18471
2976
16806
16759
13004
18726
20729
31498
4527
17123
29899
24507
26977
18364
27322
30660
7685
29905
16051
13674
22172
7090
26715
11474
9607
22736
22446
32277
6726
28209
13542
9622
8326
13928
22431
9876
20571
17349
14648
17403
5066
32713
26236
15232
17802
24284
13442
14060
11531
31810
15569
26552
31672
12876
25800
219
12154
715
29758
736
32381
25546
32613
3643
12342
17533
10228
12253
1957
24180
31109
23558
8919
10004
25915
2907
29616
30024
8361
11832
13799
12148
27631
27207
1618
5547
806
22098
32612
31777
16127
10325
32500
2531
10406
2520
31039
20421
1261
1659
32049
19356
6822
18643
19936
11182
14416
6516
13658
26215
15607
21583
29856
31310
10325
18495
29938
27191
30269
13534
7757
18873
18746
23197
30515
28130
10355
20756
29098
5674
21713
6038
2439
8614
31076
5129
6124
9342
15107
29684
16
29089
27443
9178
6462
27831
25163
20679
31265
14424
17621
10280
2366
5243
14390
18911
30402
305
19090
8343
894
31123
4586
5205
14640
23288
18055
19280
30724
19564
23708
27907
32090
14942
24871
7040
18378
15001
7704
5895
31845
27766
18869
16343
12606
10575
17725
27204
16682
6454
11979
14602
3267
32743
19070
29153
19635
22012
1751
82
22831
608
8290
6856
2753
18438
10393
15850
6219
15323
29701
29224
5705
22265
13222
3988
31574
31005
15765
29684
19954
28507
18664
24341
24450
21264
8406
26978
14488
21785
4892
18612
6773
18754
7582
22380
14796
1537
8018
4544
5833
27749
4186
32082
5714
11337
1392
12039
16525
6349
647
25366
18594
8455
24751
23391
16834
16629
19258
30719
9576
32438
6173
15905
3806
18426
32665
16662
20484
17336
30490
8617
17229
27679
13151
6060
32522
1230
5595
14807
19947
16711
2395
30675
4290
12193
4586
31377
28043
15230
5105
24288
28586
23869
5795
32319
32115
18801
1432
14831
18159
13457
13752
31821
4573
32497
12635
25695
1784
23792
4015
20397
25720
20339
23385
13906
14811
147
19551
3410
4325
22675
22853
9006
10214
24341
25462
10934
8507
15501
742
26655
19479
28661
13558
13397
27268
3267
29336
19090
6308
5400
29107
5168
14653
17466
5577
26300
2932
23876
21463
26699
19929
21020
3452
3601
4772
22182
10078
26927
10558
13367
24266
13773
16644
29005
8858
24681
10567
8573
29532
30062
21143
29100
3760
12041
30017
17538
27122
5432
278
29468
16409
25636
14958
1537
14047
11440
10349
31320
24355
25426
14469
26456
5259
20770
15164
6143
109
6960
7728
27911
17392
21531
1880
6934
3438
19423
13708
6453
7453
4591
19016
21379
31983
23940
24749
30250
28598
20532
5576
25747
23436
18118
26135
12502
13170
11333
1097
10101
9271
851
3398
17225
2204
6592
15727
7612
26805
6747
2855
12089
2194
28936
19090
29665
18975
13587
16028
18560
26185
3524
15166
5055
16738
17716
15613
3995
24263
32094
6579
18197
14272
15225
11921
7211
31143
15750
12133
27144
28493
20005
31513
6008
6553
2732
6524
11678
15218
20346
17990
18153
23775
16009
11606
27204
2413
5187
15421
9869
19922
16023
11520
585
14543
27211
11802
5014
25435
31380
19393
21600
17405
7908
32362
1752
20858
31491
655
15906
14512
5473
23984
24398
10690
32683
13464
11914
117
28060
22241
15510
19418
11798
9146
18552
31022
14961
11240
26992
9726
20499
13579
5422
23950
18496
547
22083
17788
8756
1362
18134
32161
29551
24292
9112
14136
12881
19852
2810
18242
3814
29680
15517
14377
19971
5992
27913
7843
23186
15363
419
13785
298
16844
18649
1737
2531
26443
672
7912
9320
21838
19744
6668
23117
6121
18861
906
31651
10427
3578
21147
14794
28275
13705
1541
25735
21907
10086
8951
32086
26228
25621
6964
5378
31882
28617
24179
10098
746
11479
6918
27078
23049
14953
29115
16035
19143
11127
8448
17610
10924
10739
27466
13296
5489
23108
15543
31690
24514
4854
21490
22887
10050
15536
29271
22210
9168
28262
22359
26776
7689
6607
2846
7799
12045
23578
15476
6424
11654
18141
13793
15086
27623
13646
11797
18175
11250
437
30598
25075
27517
12065
21339
10602
28277
23386
27529
21907
10787
3352
14396
6395
30126
12914
21624
12962
9186
25497
1536
26196
27183
15814
31863
20278
14581
27249
3013
16544
26879
9924
26044
10538
25165
24399
5884
11274
8214
13309
19219
25757
13837
30791
7145
2115
15076
935
28764
23152
15374
26192
11815
9984
7882
22044
17160
14027
4701
26566
18722
29306
30622
26713
19104
10137
25016
27368
26779
9197
5164
24192
26941
6919
8725
16475
28967
2585
4784
15958
27665
3593
12059
23973
26800
24516
23901
31174
27613
27349
11431
12211
32499
12854
30426
2396
32121
30565
15176
32084
26113
22459
5823
5835
12879
21498
31940
22972
31422
30245
5660
14183
26848
2452
26769
9986
15717
6471
11250
13996
27966
10363
28764
10402
6658
22907
31160
28853
27024
30393
29829
9724
246
4637
26584
15558
9873
11933
2208
7378
20342
10254
21039
26563
7185
19769
2038
974
2060
24626
1168
16054
20850
28901
31235
7418
23317
17906
1858
10573
3629
18363
18166
22598
32577
8634
15229
21593
23115
3609
15411
17926
23063
32636
18417
27728
20204
7458
24788
6513
30830
17708
21824
26572
14019
2364
6692
15139
22261
22850
6783
25098
32407
20627
8227
27547
31404
22844
14777
1388
30148
6549
16901
30142
22888
24601
27755
1527
24248
372
31410
29011
4691
23774
9
11222
20343
31400
21831
5509
30314
30996
8823
28117
25112
15210
8596
7012
24829
3912
32401
7143
13637
15418
30876
12387
24626
12682
10404
6561
15551
18010
4377
30940
11651
16367
23283
10428
25047
4688
25589
8840
30267
3856
563
17303
29686
30312
8402
1799
29693
7817
6671
1970
26902
9519
29314
24158
21821
24442
22948
12340
28231
31738
5008
372
30149
2824
12294
8294
18475
24925
12981
15508
26418
2269
4282
32310
890
13236
10084
12782
18804
26020
4154
23733
30079
18333
30271
19477
29521
22927
20596
30362
3225
30332
9631
16515
27362
24273
15691
30908
28859
15606
25104
8721
11797
22564
6420
23708
29676
26999
29394
895
19242
18244
22810
21209
21192
23212
32345
10738
18742
4977
21019
15801
17661
19977
7886
20337
24739
24561
13513
15271
24014
15940
18061
30055
941
29324
23114
16815
15508
20952
29861
18212
14054
10767
24760
17924
3384
22915
14682
3164
14771
1225
6049
31355
22714
24265
2726
11174
32461
14097
15496
5901
9646
17007
26804
15614
29890
20926
1891
13401
26809
27392
21092
11332
7794
30893
1819
13855
17688
843
2506
27579
31634
10559
19983
17862
7450
18659
10414
13962
16683
4312
28305
23768
29345
27294
1293
25406
25116
29537
18279
24448
6053
30486
26007
17990
26516
8647
8267
18195
11952
23339
1583
9334
6553
122
5740
23684
31587
28799
27758
13701
30596
7663
22763
750
752
7161
3105
13968
130
22814
13663
4622
31902
31811
15302
3220
19477
6149
29777
16582
4680
10316
30995
30455
29329
3619
1472
8092
28894
32199
32111
20992
17823
4861
32158
9017
10467
32681
8823
26970
22717
2205
24658
16106
24301
17583
5754
23189
22972
21006
16180
3874
19496
30166
24829
1957
14657
23009
9492
5110
3795
23777
14136
6497
9029
10411
21171
31647
19137
726
8343
4613
18326
2949
19272
31996
6618
24193
27450
28593
29267
19083
12540
16910
19608
4848
28790
24296
29811
28509
29039
25210
31370
15861
10578
32018
23614
7073
16945
28170
25300
22183
4874
11002
32210
28543
27977
1836
7340
7138
25487
28496
19360
35
28082
3441
6111
4802
3589
26920
32493
24127
23513
22544
27978
5420
5955
21113
4178
11398
10784
97
32610
28741
14935
4768
60
17970
12638
15458
27309
4857
23808
24794
28525
30079
3421
18741
17990
19573
21554
30413
1912
14894
18778
26016
13405
6829
30869
21248
13129
8195
23689
23692
17076
2264
2822
2910
10139
9543
30350
8070
6947
7663
26901
12215
15232
12614
7173
28993
1045
23345
4485
15423
4316
6866
4859
8210
12553
19105
30927
7182
3306
16063
8051
20594
25362
7559
11680
15262
8374
9829
4066
22400
22871
23275
19798
11088
24993
15905
6578
9597
4500
7709
18567
20967
29153
7124
1475
16462
22679
25904
30586
12042
14590
21859
11494
19965
10947
28538
32428
11719
27734
26421
17504
12088
25745
11286
844
1803
26522
10936
31341
10705
17162
14434
12223
13355
21839
23772
25275
9020
13391
28289
2077
29022
10061
13462
13034
27412
30737
986
3762
20545
24387
2398
20242
5527
4121
14231
14462
23121
10034
2482
9789
26149
193
4391
12725
17268
14829
401
24297
18885
24952
11965
29248
11377
7071
12545
21384
24991
15682
9167
8762
30067
8773
12937
24320
7555
17206
26519
20084
8331
20016
29112
31019
26209
18175
21397
27890
17451
29316
12700
9047
22735
4443
12811
12652
3499
11708
9035
9415
3975
159
23680
12749
21447
12836
3166
5937
32229
31025
27198
23223
14623
24157
32113
17214
23149
9741
28372
13309
24246
9692
6308
19725
6467
2369
18580
29991
9844
18796
26653
12464
30386
23664
32534
27122
1444
24487
17540
3757
4518
16722
12723
9934
26487
11649
19334
18558
5681
16947
5643
3422
8063
20157
26194
27921
30730
8816
1664
8444
27700
11894
24607
30025
15625
32509
8376
11058
2418
20376
3236
20604
22444
16097
29727
12353
21241
25956
32414
16627
4502
21432
16483
13214
30444
15343
20046
2157
1546
18993
17398
19568
14419
28835
28664
25756
11380
10893
6799
2580
16794
31421
6757
23463
29409
10534
11177
10393
1807
973
15714
22694
26754
9958
10499
5444
14695
4153
2111
6185
30765
459
7454
17165
18489
30651
81
25777
13020
13674
2499
20256
29826
11742
10096
9012
10796
19305
5754
30045
29472
23173
12921
12190
23262
7171
20243
21720
8023
16997
20430
2379
10074
24200
29217
1114
15695
32646
32209
20366
25127
2522
20347
30430
19603
2501
29036
3630
26740
1265
14009
12309
27283
3925
3213
23011
19603
10072
30141
18659
17700
7481
25762
15581
4217
2478
26407
17375
7419
6091
22817
29501
28735
9766
4319
12759
22581
825
14850
30618
15523
18695
21135
9802
9426
7171
32323
24446
17800
20781
9255
31724
11061
16254
2660
2022
21617
16518
25687
26917
20646
9300
1768
4550
14090
7318
14104
25746
2513
25345
18138
11906
22944
7923
29732
22914
15684
20055
15941
15478
29092
13770
9593
11387
13812
7163
2235
13167
14380
21592
5594
4019
9657
23783
32719
24879
13426
4977
28494
10135
14285
17894
24987
30189
5715
8701
27039
32584
13137
18459
1851
24787
8401
1398
2268
19736
11720
31098
11088
31871
9361
10860
27608
1809
19866
19789
16510
2946
2654
17665
10920
18287
7315
7344
22510
1252
28068
365
17705
289
27233
32533
6092
12446
18166
1146
8568
1100
16153
29377
16842
5150
9864
15369
6776
21192
23987
21838
18844
11975
32437
32652
7759
17569
22153
11303
31610
1646
32379
138
23785
31895
10716
15630
12961
990
31738
2846
1652
11422
31312
30362
8146
8020
28409
5752
6626
10847
20331
10417
8145
23812
31585
9563
17259
21429
26649
3346
8680
6547
3008
30365
19208
17201
7467
8143
7778
9883
31687
1450
4856
21655
21459
18379
7440
14122
21196
23298
9791
31070
41
20288
19399
7235
3657
11446
22307
23860
14250
11323
9439
20827
31835
20206
28077
23160
21428
6429
9654
22749
9796
29798
26158
16061
9227
32028
5419
26791
19177
16109
16311
24398
12631
9409
23075
26251
26965
8164
23199
32165
4003
19048
25096
13519
23348
2245
26369
31730
16608
28355
5957
20141
32601
27546
25404
24987
10080
343
26572
13524
29753
2945
10865
12214
2140
22781
23440
10725
25197
7471
4872
1424
7790
31842
15115
16118
22324
14186
7468
5417
15383
14983
17848
12306
12014
5005
12618
26550
32315
4930
30874
4279
4002
7688
28310
29214
3744
28604
25780
18519
29561
22237
2438
31101
30322
10993
5519
24281
17217
548
14933
18341
194
27187
1975
6421
235
10376
15233
12184
11522
17831
12094
25947
525
26568
22605
25102
12683
16581
3639
6124
14945
4919
2880
4597
3607
4828
23356
30590
5700
9277
11428
26860
11847
16269
14313
6589
25912
31443
12552
19400
7199
32588
30559
4037
21603
28170
30655
28431
17029
30690
29890
25257
30989
11397
10591
15231
16325
17645
31163
24559
27430
27899
9794
648
18448
20574
13559
13842
28606
28342
1288
718
6136
31481
16550
24831
13194
18966
8467
15528
30454
5337
14589
26264
5478
4367
14602
5796
18916
9706
25268
25396
205
16295
7511
20993
13699
1645
24968
26140
22627
31865
28329
20275
20727
18296
32442
7696
28780
10548
27762
8802
26694
27507
32655
21952
6482
17180
21354
30699
20188
28316
3022
16467
14883
5000
19466
18653
16906
8068
9285
5604
31504
12387
26898
24446
23426
18320
10565
0
32752
19628
13828
11204
5085
9080
28961
22057
12986
22774
21927
26588
21782
11211
28338
10838
7695
29672
12420
3238
7436
11625
26582
9585
22446
10941
13164
5687
12291
12808
15340
13271
31485
2501
7664
6230
23331
14512
14938
476
13191
31971
24808
8959
18168
15935
2312
18500
22392
13
3309
30435
23025
5605
6882
26827
4643
8143
20702
2534
10977
4521
13913
23198
7805
18889
2143
23456
897
31459
3043
26336
4511
27948
23125
6621
29419
23231
23671
13606
13640
27456
26476
5405
28704
4800
12305
10235
29273
22497
2193
1300
3204
17723
7220
2397
19287
2558
7544
7467
13917
3544
6755
1853
26348
31769
27415
28925
2904
2581
28327
3
10854
31945
2601
10459
15107
12738
7693
7944
25654
12091
26029
1608
31060
32646
29988
18714
1651
23469
18788
14462
288
26968
7811
22780
29013
4081
86
231
9893
10503
18753
11235
19898
4080
845
10149
31233
21683
24443
32250
30628
5669
14169
16395
31161
18257
19666
5855
30905
25629
15434
15649
21811
22827
21739
17956
4801
8958
19257
22052
16188
26718
31213
12239
23084
5117
9472
15107
20610
12634
29446
26842
24714
4326
4285
6372
31259
30566
13030
25523
28433
23704
27219
28317
2044
32025
32322
11453
20762
17286
16617
12603
13187
19681
4690
30413
11940
3127
1385
16510
17902
20864
23380
30639
30415
14279
18690
11099
19170
16011
15111
5279
23139
4708
2983
17529
21221
18666
24368
24272
22087
5074
6798
1716
17892
12122
10265
24552
19978
4072
32433
18845
17838
4845
7949
13953
13917
14096
31568
17912
8310
8073
31965
681
20375
26314
7277
27197
21333
1125
16479
8803
28720
18986
21839
32536
7365
15503
21737
15909
24390
19030
12031
7145
7976
10089
18650
9560
16155
20233
1742
27460
4927
28967
5137
31452
1941
20242
23758
16242
2740
19283
28276
12673
4285
12501
12884
30446
17040
30026
13931
22670
11584
31433
30844
12521
1477
5308
26467
14397
21745
21497
3749
20934
8102
24111
8267
15933
24389
21636
20721
22431
24169
3452
14874
14895
19926
9757
14022
32446
9644
11857
28231
27178
9953
29835
336
13861
4333
13485
3407
22327
24519
11818
31228
25606
9745
25959
17714
470
22415
5224
16639
31308
6110
3752
30711
24183
24931
7240
11213
23313
6273
4204
8740
8705
24335
7907
13218
3365
15369
13574
20806
24143
27525
23010
29692
16525
27369
22937
10863
28334
5468
16389
14623
8961
25722
26271
179
13408
10572
6559
7824
1133
20855
6245
31658
8988
3251
29976
15770
19314
26239
6029
19954
7564
10260
26474
27597
14818
5783
24971
31658
8653
24978
7332
2426
327
21925
296
12535
17906
10105
14442
24632
10077
27382
5891
10370
1154
2742
1651
4450
14995
21433
12811
8696
22774
26970
31498
5270
22158
13697
30726
26762
11324
10523
909
17975
30885
24775
7693
26987
4406
466
9969
1516
9318
25446
12557
23124
20795
22526
30268
25887
22544
11037
11847
28675
18581
10048
19721
25984
20759
14353
27601
9399
4866
31965
25096
18303
8356
24392
20756
3766
2099
576
10107
26837
4114
7471
24396
18119
2128
6005
31675
13052
21874
30741
2571
24249
6258
32174
10673
6578
6151
29358
24502
26586
20263
4546
14685
10618
17610
3729
518
2432
4338
5801
4178
9754
13032
24249
28296
10116
7368
4098
25143
14623
6207
10760
5917
6338
26772
11405
29000
12372
19941
7615
19067
28059
19892
16561
7891
19535
25762
4104
27818
18035
1401
20727
19388
7909
2416
21101
32648
14899
30123
11404
2298
31152
14850
5214
31558
19655
19715
6083
6167
27792
18746
21934
30441
30113
28592
1681
15283
21543
13233
26902
8394
13877
13266
26384
22530
30811
17459
1713
1814
16507
28162
31741
25418
15064
2112
28286
12366
11632
19912
18234
9830
21900
5261
6882
968
17301
2595
1100
19781
10537
6529
803
556
19822
24069
13022
18284
7078
18360
28142
19960
4
21716
12604
30832
1726
1155
21458
1021
29028
26346
26328
14461
13936
28262
20931
25568
7966
26133
32457
9425
30590
12697
11160
18585
1223
14872
12871
16449
13806
11399
24205
28919
17015
27945
9009
25524
11148
25682
17345
6171
21324
2161
18055
32419
7781
18765
17081
24056
21477
16527
24304
10143
12109
19329
5083
32729
22759
29205
1845
31947
14426
16169
4852
24795
21884
28169
19652
21597
15207
4406
8627
25199
4559
5734
23086
15649
24723
19403
6700
3290
12689
19096
12713
20215
1215
27330
20822
1972
19064
9219
30607
19280
22547
37
10637
25196
2746
637
19677
3509
3193
10422
13584
11458
28566
26832
14773
19519
5153
20583
26756
24396
3019
10553
10204
10272
28668
18147
23920
5106
24095
25067
27965
3609
3649
9219
9407
3698
14298
18828
26212
26370
14570
31834
10561
5340
13128
19383
8451
6213
5175
26026
8745
6167
14907
30073
5745
21603
11563
19308
5520
11354
7302
12756
30246
15214
6154
4940
27377
20916
13955
22079
65
19341
7906
4522
3500
3205
10126
32547
28674
8571
32767
19995
8068
19971
6280
15456
30288
2312
15476
6117
15136
11446
4693
3526
17460
23958
30361
27271
18061
27899
25694
12189
9564
15006
24712
8751
21946
22917
6928
14109
10905
31785
15006
66
7419
27607
1627
32502
25698
3927
25088
32727
29575
17612
20532
25546
11598
4827
28436
31292
26106
29967
8979
20654
1181
18300
25604
7024
22739
5539
24693
7084
30896
20630
27455
9895
15095
12381
26459
12868
8589
17559
9719
2762
18477
30820
27337
5606
11100
3459
2724
18164
23456
21176
22601
10362
28909
6513
21375
7925
21088
11944
20070
18649
9776
23307
32008
8147
32225
11867
9009
16209
4794
6674
21633
29764
9850
8008
31423
31268
23623
5079
5744
2357
7655
17086
28072
6666
24882
27587
7457
583
25031
26205
16266
20139
8959
27600
7969
32333
19999
19610
9604
805
16594
5390
32196
11215
24534
25919
7356
23180
501
31
9121
11658
1847
21992
20698
31845
28758
3515
29457
20205
2674
21127
4746
12586
774
26413
17587
2205
30747
17890
24061
20169
22715
20180
30187
21746
10665
18960
29032
29989
591
16547
1886
21624
22008
28927
29572
6803
23871
25249
19320
17007
13255
23793
10765
26718
32301
17770
9446
14668
11323
10490
16452
26436
11103
29868
21788
18230
7515
8580
7533
31735
26429
22442
23248
21129
11410
19660
19281
13213
2775
25021
24701
20054
10544
17250
27836
24656
28765
4814
15073
16097
32489
22700
17408
1438
11684
18397
30591
3617
14420
4963
18800
5386
24232
23422
31518
12356
4461
30228
20966
31370
4
5718
12361
6185
6676
6049
17727
30983
22908
28578
17869
31716
26764
3006
25817
22240
30836
7601
32062
26941
23548
7029
8732
23143
14966
30309
2417
10801
28401
19874
1262
5730
26544
8118
32003
31088
6619
16247
8765
1675
23923
4142
18641
1757
17803
19705
8825
31761
18614
24430
19070
19474
19900
2433
22550
23061
28817
26280
27377
12505
4999
2109
26127
8749
4290
12579
19668
32692
8172
29868
30302
20709
17451
15546
2838
10837
22096
31525
133
2617
32594
2653
1898
24102
14074
337
8201
5660
6879
32399
18629
26819
12693
11948
31473
11508
28194
4582
27108
27771
1969
17672
14411
5148
31115
20878
6084
25812
16194
18698
1704
2656
8495
12230
8231
31492
9503
31403
12955
1157
30538
9313
4118
10871
24453
7608
19773
14783
5816
7495
25178
13648
4241
4691
25260
56
3450
16114
15874
26848
2249
15727
16520
31119
22327
29937
17632
12849
2452
16728
19572
3927
26553
21096
29195
638
6077
1577
27291
16276
17772
17037
2142
952
24052
4692
29736
14658
13282
2349
4344
7427
8013
13086
15821
18638
28241
4901
27067
18230
14784
29984
11837
5274
29203
5866
25549
12639
14503
27847
25778
10621
22822
1282
29210
13629
30530
20180
28520
22337
17578
18568
26575
7108
21302
22749
4640
23843
22373
22444
18144
12700
28426
2506
7326
26198
16450
5168
7811
11170
1193
10841
20779
22145
21710
31724
31155
23398
18404
9627
23316
26173
15290
10571
23983
13227
22765
12661
21801
3992
10076
9164
22648
7403
18140
18208
24638
19092
8237
130
8022
6608
8749
27561
18861
6568
24396
21140
15700
15291
8000
18545
16851
26174
14586
27582
20927
26433
18648
5038
8847
11572
5916
27854
24235
26793
17053
18664
17862
31580
956
9767
10094
22640
7066
12669
27617
14843
17288
18498
7971
20421
12479
15646
12877
19277
82
25640
26408
27917
8032
10831
6650
30463
910
15354
23968
10336
18356
32491
7645
9908
215
25449
15346
30730
24408
20638
22895
29313
28778
12350
17736
17675
5065
23913
16171
32113
31146
31443
1297
12184
15597
29730
24340
8706
28058
11927
7552
9111
8075
11505
15660
28326
20838
10894
9739
15655
16335
29140
14334
29251
30939
29135
6636
32022
17351
22299
32533
22707
12522
11269
22179
19816
26088
17389
6530
22340
31273
30191
10866
21975
30601
27330
31835
26937
21329
479
29408
8270
29543
4582
12598
23623
5057
2110
19255
3436
8223
11260
3250
11545
22010
2055
19206
6407
17079
16505
29935
13261
29217
22344
21663
28327
24854
9253
14353
8309
2176
932
29594
19975
5256
414
29377
18327
7174
724
19280
16279
27707
12756
1707
16046
15554
13089
5473
6397
24516
25742
8449
18598
17004
11243
12335
20879
20890
6371
20726
4707
5852
24101
15712
9946
8602
26050
11844
16187
4240
1238
20576
4383
20353
4715
4007
17783
23850
26010
11484
2000
11638
32499
20832
6870
31728
24864
5449
5655
8829
23748
11187
12554
18507
21417
10587
16208
32005
14107
6506
16953
5193
17807
21646
13194
21851
19337
20047
28030
21275
27580
19617
21514
52
12914
15797
9061
21399
30766
8213
1992
4392
22416
12528
25203
2742
14970
21682
24560
27953
17009
28120
17307
28183
4166
5635
3170
27952
12021
27979
22218
24187
9677
29653
8242
4200
30161
8616
20316
8775
1631
12476
9769
16129
17679
19796
164
28678
31966
8334
1346
7302
10380
26937
10857
2276
17474
5862
13614
27240
25208
6978
5475
25396
2070
26019
17105
31353
5081
15584
32706
25834
13561
27494
9411
12657
13577
29064
22951
11809
6430
12823
24527
6509
24115
19763
20905
29591
21708
7520
31607
1131
24538
2781
12626
26924
6879
10545
18030
16079
11090
21254
2463
15463
16709
14394
27420
20961
2885
4660
12164
7921
8578
29300
21534
22092
11312
24430
2149
24856
18732
13209
24772
22176
29923
29379
9886
7245
31344
2471
27025
16850
12036
11201
13820
28070
31883
17249
5310
28087
32652
10239
14401
16477
15441
3790
31416
10636
12105
27027
4516
10319
15530
10168
6813
24689
17242
3484
25935
19581
22288
5678
7875
19434
26039
4794
16864
24975
19475
32003
28977
13917
7590
12177
7656
13388
9173
30796
8227
19862
22599
14666
9327
17444
24206
3046
4746
1349
16649
6674
20846
28070
29960
8686
3210
2431
27186
22425
24147
9482
10532
6470
1019
16697
17755
10643
32384
16552
9812
25623
17641
24785
27633
8250
27597
21375
29215
13898
26132
3205
14262
23243
17153
6063
11425
17422
3441
2809
11070
19973
12381
26879
8455
4181
1190
1973
10867
6829
27666
20312
9751
19286
7569
26020
785
29708
1734
6472
20134
16653
26306
8599
17706
5743
1555
1664
27168
22454
12285
17600
27555
19878
20743
598
21765
7766
24250
26423
21685
2950
27813
28228
6502
27442
4772
17017
2669
3688
2146
31847
24427
2646
6685
21476
23341
6055
23209
6657
11728
31760
14008
3900
16937
12837
19800
27127
31332
17266
12733
8489
8170
2247
31297
20308
2697
17619
16553
16823
17103
19700
30634
1988
9142
13390
14764
5844
16263
11547
29901
22042
3064
5185
6185
9941
6551
23338
9817
15562
23148
17360
20793
23282
15322
8983
750
18544
6087
7520
30760
4549
16637
4443
20389
27207
11983
9500
13047
16848
3071
10610
31878
25267
11487
18292
32472
11252
12471
11356
20752
15288
21095
10137
17589
7674
11341
28447
26805
21376
29545
32258
15786
17677
28095
16707
32603
30425
10237
1770
10118
4158
11870
25428
3549
2996
19662
207
18766
8959
6735
3428
13959
19367
21403
15092
18362
22441
18699
1415
413
3692
25527
13280
18870
20982
1503
18005
27093
9312
19082
18397
27874
8583
26732
13675
14552
16645
15373
28538
2578
29792
15656
27113
13254
30080
25425
3594
18895
22887
15835
758
6063
15132
17145
20515
2260
4840
6691
3640
26138
3525
26044
6687
3218
30996
20465
32348
386
5774
24292
1694
1964
27773
21514
12692
6611
26156
6865
29954
28284
22684
2695
2068
26866
16248
32631
10226
7052
17995
3925
2708
16178
29169
23772
29656
17438
32332
20149
8402
24544
17464
11675
32099
15525
15296
28093
22541
11704
28306
10083
2053
3401
28336
725
14730
10094
9577
7033
21622
22119
3720
7739
12563
13350
13259
10033
3887
1295
31894
8831
883
16380
9705
13433
20208
22404
30352
27912
21755
10365
921
19023
9019
12735
6411
20110
16384
31019
6869
11590
13014
16876
29189
21406
31579
30717
23098
20485
27213
29931
9052
23833
4327
477
15242
5063
14958
15057
5460
2228
9223
14120
15915
22748
26315
7013
14613
27002
18461
30770
29094
24359
25659
6820
23339
4165
26388
12735
4136
30366
18266
27965
1541
25673
14295
31115
10500
32718
17156
32021
29814
19337
17624
31427
23343
15444
14046
15811
5175
9056
650
12938
8130
28516
19917
20757
6242
2298
30183
31861
9340
20037
11389
31626
7161
29144
27371
28431
13885
16595
12251
26838
21597
5199
15127
2133
15244
29181
15259
16482
21463
8201
9199
10811
16147
12357
6323
2505
23571
18051
11643
26406
2590
7746
25566
24924
16543
5006
8394
7792
20255
13089
3098
31903
22897
5582
3691
26855
25644
2848
24875
32457
1375
22334
25842
21838
3455
2065
12822
7496
15524
9641
6010
29914
22517
16861
31654
5178
13153
11058
21533
14262
913
18175
9962
27381
3098
22222
19069
6528
32246
11524
22453
2176
6709
5317
574
7626
27888
28946
19229
6168
13439
22324
16777
7321
18667
10334
17917
15789
6054
28302
907
24297
1914
180
4979
6754
22720
12822
32500
2856
21970
4339
4962
8464
26563
30822
15481
25015
25421
31118
22769
15043
8714
24556
15698
18796
15335
21772
22794
15164
29911
26472
12733
11282
12996
30857
10460
9581
4043
22127
16249
8935
23720
1075
19546
16384
10095
30187
22604
29469
6782
17358
5305
31185
18351
6297
8317
23130
13266
24369
3830
7791
13914
29577
25946
11065
342
23238
590
23199
26019
18081
9140
14790
10080
26637
32452
4312
30371
21786
7774
6149
24682
1562
31646
32200
19413
11778
1202
8812
22418
29203
1512
11470
11160
17593
10507
23652
4888
26547
32496
15486
29360
22900
18252
7372
28387
12745
27336
29473
22214
12733
23384
2678
9979
2746
20168
9010
14563
8432
1944
26793
29200
19706
8201
24546
2041
24767
2936
13213
11250
29591
16875
404
13147
14768
18922
3330
4119
27311
5264
31330
11584
31642
24545
30841
1048
12277
4958
31382
32067
17963
19159
26649
29236
17200
897
25906
25318
8549
8008
6379
13260
26300
12902
5225
2058
26140
20277
16238
3045
12295
17473
28195
17272
30330
162
1045
12713
26644
4745
18557
27484
18043
29720
20420
27367
15356
6775
7750
14277
13425
31524
26711
13966
15720
31626
4995
13606
12673
32470
23834
1845
13080
1542
18925
18136
14884
5698
17234
3479
14687
22896
1390
14742
7848
11523
17075
4879
12965
4883
8359
26111
7084
14771
29159
25632
2020
3199
20844
25368
17063
1140
782
19184
14635
10757
15686
18631
12898
32106
16440
6600
15902
14652
24049
601
8057
9023
22509
17813
13940
24447
13788
12541
11486
31134
31141
4202
27256
6252
21676
7751
5206
4024
16977
17404
7048
17510
11193
16045
7930
5826
30928
31781
9369
18196
12942
17421
28087
2165
6778
354
27313
13792
23405
16422
4559
23948
14233
13141
7531
5753
22473
22298
30038
21577
8170
835
18295
11602
11467
499
5045
18161
24353
32406
12056
23585
6094
24858
554
4684
2403
26973
1700
4193
17123
7905
18502
3110
22474
26823
27911
16848
18765
25083
2158
2513
5348
15788
15936
241
3078
20479
30811
30368
22835
3844
13282
5514
22072
8169
10650
31341
6063
17517
21908
11559
20933
15512
8717
12308
31296
28841
14738
6550
19392
30545
17512
27637
3652
19486
5418
8042
18673
19002
2228
4726
16655
16213
7488
21624
27221
10976
1231
32383
11366
32124
14027
3677
8603
27826
17642
30717
13059
12004
30549
24822
13736
13187
29706
14943
27924
11139
30078
11494
5908
30220
21639
2844
25788
17779
27002
15891
1195
4200
2192
24619
8849
9073
7567
31273
32750
26263
10918
5769
2588
11102
11928
7958
4495
5883
13853
14519
1628
31938
7301
4492
24056
15582
16286
21817
1602
31556
10968
15234
2500
17130
32167
25881
18742
26931
4393
31411
28228
17838
8457
16993
31634
4609
31651
7966
7676
1568
32104
11940
8994
1219
23428
31109
14628
27670
447
26998
23466
24242
1953
31214
4648
6348
218
22256
25440
9644
11489
24100
8744
2401
18906
13869
30573
12980
3773
28727
19832
18778
4277
26575
112
11374
6086
21752
30752
13598
9907
17531
3835
4516
14879
27262
27229
19576
754
856
10260
21443
8190
13988
1311
5399
6883
12436
25013
350
11311
25993
18058
3345
2762
13280
20301
171
19090
22542
7797
11612
3650
26351
15933
23041
4248
16987
4845
31828
18615
15355
16988
4704
11722
23130
13491
12345
24042
29759
4723
5609
11330
5691
25530
25005
23152
26238
13506
12898
303
31470
25514
20026
27699
21883
31609
8627
27989
31404
16480
10954
27376
22142
20799
9323
11659
25455
619
1581
12472
18390
21935
11324
31547
23925
13200
15254
17007
22353
18901
5755
23782
31170
13127
29982
18512
6342
19638
30369
18078
20634
23356
15936
22119
11404
26566
28877
2698
12299
29647
9820
1301
30208
27503
9279
6501
23137
30869
29493
22927
25090
7056
9694
4863
21679
11477
25458
32351
15737
11260
2739
9915
17741
11
288
19426
7115
3319
620
17423
25172
17000
1070
8392
19813
1981
474
6919
28708
10576
17648
2712
26169
11003
32115
27842
20447
9179
16029
15913
21563
1875
13265
11251
7660
32596
8657
24618
1507
15324
2097
28001
24693
23485
30476
7579
8366
21152
27893
10344
17897
28745
20784
5201
18333
27933
24099
18294
29562
8161
4103
2934
29109
16580
27619
2191
25504
23968
12987
31751
20605
25469
21764
11722
21652
24919
14940
26964
18051
26657
12664
32209
18134
11273
7262
2435
28119
19198
11476
5221
2983
23663
17688
15886
11918
11862
20689
727
25488
21366
10822
23616
25921
26336
24526
16528
11482
10428
28039
17852
6539
22598
16203
27530
8723
28439
3808
20726
17551
8614
29295
22741
10383
18702
12088
440
10095
6674
9347
29971
12005
19806
25306
4511
12758
7439
17269
29948
7022
15222
5110
18587
30831
10009
10839
21979
19145
32763
29984
9586
15212
16926
23517
11791
7770
2373
975
22078
32000
16894
19682
19851
6854
27616
6879
234
10213
20754
16099
11862
5752
22285
5392
23481
17879
19618
10882
13580
30752
22846
32644
5567
17942
29037
14852
16731
1327
29853
23621
3942
21480
22565
21460
3719
16476
901
29885
25322
15637
16879
13566
25574
22562
27911
15420
15581
26729
13544
7093
5476
9535
10599
17014
1188
23606
26779
462
21504
14646
5789
13826
21753
21712
652
26434
20046
31950
7380
30428
17511
27407
8880
11440
8435
24210
8942
14564
32209
19152
16371
32217
5932
4431
21246
13917
10475
31092
21681
19490
15176
23193
11981
29294
8894
11359
23357
22805
14121
28997
29782
2981
1577
12154
6749
20704
1223
27632
21065
7791
1115
23474
16843
29908
28333
16247
27788
14241
3418
7543
22198
21991
24697
19837
12469
22258
18559
2878
28735
7987
1888
745
31377
382
23799
3071
17404
28790
17064
1637
2209
25669
2628
3512
633
18576
25644
30432
16536
1705
4282
19432
946
7
16604
14860
17374
3316
27138
9748
17306
21382
4411
23265
21519
2768
20890
1606
11927
32345
8671
30745
1917
26062
7507
22409
15876
25843
21492
17073
19882
18399
26066
3182
25773
20329
28089
3182
17359
8670
32528
13706
19286
13301
15105
26198
22872
15876
16603
10230
23861
4467
32180
20275
17509
25201
8018
13262
9332
23015
11852
29203
17994
938
4972
27314
30384
27893
3160
29899
16400
1814
21361
30280
29052
8807
32508
22127
5874
5504
23424
32439
18143
25771
17774
24027
26849
32153
17927
8494
22993
23379
30587
6190
4353
9842
29774
30299
10946
9619
22016
26442
31786
4614
1773
10485
5140
9414
27506
8277
19815
28590
9809
7219
22172
22249
31831
14907
21114
16043
6972
8786
30244
16670
18378
3113
18518
160
14145
17170
26092
27179
6139
7187
28580
31764
3404
4665
1316
25849
8876
32047
28991
3829
31256
5647
27508
27413
14773
15992
4791
4368
31927
15841
1397
1842
19329
26925
15058
18074
24333
26751
309
20389
13199
3919
17926
25258
11861
31422
2742
12520
23282
27174
11008
6588
923
1526
22639
18456
10449
2237
28449
17456
7233
32388
1994
19830
17128
3681
27387
4297
17018
585
18853
3817
7685
294
24281
18223
1489
12073
24273
31355
24204
10338
22324
6765
17315
2446
25750
14552
2291
31536
24894
2931
32673
29411
28973
22482
582
7918
3932
23445
3152
12313
68
1248
24741
30143
19875
3851
905
37
12158
22426
3009
15626
1634
32623
3832
17023
19184
11326
11619
15353
5785
32322
161
11685
10661
3630
29157
507
4730
1895
15190
5526
23067
12912
6326
13635
23023
933
27458
16984
7876
557
21722
28999
32019
6954
3682
22130
14981
13618
32104
13633
28855
6147
19719
17778
3386
31858
3595
25265
4831
22693
8789
23145
49
15490
30594
19417
32578
21095
21703
20074
17067
22556
16415
21056
13262
9222
16041
28431
22110
2717
29771
5424
1314
14368
26268
21748
27637
21127
26369
12344
25362
30649
26646
10809
3982
27647
16975
2474
27942
3256
11231
260
9531
23375
26584
12574
22299
13419
28820
14845
13698
1893
8533
19949
7521
8703
9000
31440
2525
25683
8463
7607
2459
28937
1886
13487
6459
11725
21094
734
1826
10240
12369
15054
17533
12718
31309
8968
18306
19137
18669
26853
25337
10868
10187
5537
14076
32010
11379
22961
7931
10687
29820
8790
16643
13567
20216
11635
8767
4822
5391
3996
25791
32168
30182
24687
4728
9506
14790
295
6540
18800
16506
12654
24012
5808
16120
26227
891
21671
68
6205
22357
16051
11666
31039
30672
6145
25003
19500
9122
20480
2961
19468
20867
19222
25702
23184
30004
9105
31882
26786
5568
30432
9220
19777
6402
4867
12835
32396
26727
6208
28772
24860
21238
25368
11415
8599
20621
21113
13886
19586
2669
15925
19254
6231
19704
12723
14233
5592
18106
16101
11490
15010
14503
32121
5202
31237
31651
2644
24723
24595
32584
6972
8860
25335
9699
31444
26068
24201
8639
206
6010
28191
14247
23132
32068
6309
2726
14055
32582
752
21777
11524
18710
7247
12999
27556
1582
31075
24760
2954
15761
20785
5540
5379
4274
20598
22565
3537
24977
14138
30192
9064
9255
29864
88
17757
24324
13597
29204
17435
7991
5759
25153
18392
25454
30416
26795
13255
16990
4355
5960
18831
20581
23566
11525
8445
2158
24640
26053
18421
15382
30421
2983
7855
20237
10184
11656
17440
16830
6632
7882
9909
20274
18734
9299
3399
8753
30542
29400
11340
26027
2700
25179
6986
13399
20177
31474
16018
11162
19710
16075
31018
9642
11392
21869
15115
24307
21285
31808
16268
2746
14125
24656
4127
6912
6053
17742
7995
16297
3824
7640
3993
24797
13223
30969
31651
6319
15267
26868
20778
28668
21847
18237
5463
25238
11107
31177
9444
28322
18023
7559
17547
13119
16661
14895
5567
25193
651
25402
17307
2588
29407
27185
31768
30908
24059
1579
2434
16564
30891
5266
8237
8030
15348
22309
13412
19235
2728
21315
27810
27875
21815
13926
1029
18582
12232
25582
12543
22836
3720
4128
25679
25555
7234
3182
29743
17935
24369
10488
1999
943
8210
20308
22275
22406
18300
14986
4664
19350
9588
28771
1709
7292
22333
24548
21216
27656
16237
18709
16198
1835
17478
20999
3902
17174
18498
27924
24136
13728
4336
29801
23922
19688
4095
7874
1300
2620
17048
12661
3773
25658
6898
5042
19309
5173
10272
9993
10757
21211
28717
2348
507
18452
12394
8951
30290
12845
30727
10413
1226
2101
20705
28549
5460
7079
27291
15461
7624
32074
31728
28653
11738
10582
20039
13239
30539
16088
10120
3293
9820
18007
1583
30652
7816
19384
25503
28920
28530
20319
28856
4033
5661
21143
171
5460
24155
820
5645
5572
30856
19063
17963
7674
6007
17201
26270
31482
10925
23339
14623
1641
2253
9158
2460
7244
7764
5599
29323
7699
29830
19701
15230
9942
9385
32142
1527
21726
2928
10966
15486
19559
20666
24458
30706
22436
6013
28180
20253
18436
27132
31736
17546
31924
13889
23662
18075
12901
28359
32336
30166
79
9079
28983
9600
9846
9941
17890
19053
4396
4988
19927
19478
13783
17864
32332
27628
11508
7634
31303
14060
11612
7585
2053
13684
19654
14238
30105
19797
10638
24905
12501
2601
25013
15915
5741
16359
31528
30475
15450
15284
8517
4453
15229
30460
23451
23320
15493
194
8689
15967
19474
4404
29066
4610
14874
31619
18344
14798
2189
29169
9551
11074
11572
20524
75
10891
10975
24538
17781
21427
17855
19317
20529
17429
22289
13145
31547
30740
1020
6427
11940
12556
23485
5405
3863
30601
8449
2655
12897
3511
17042
19608
32048
26138
18230
27782
3611
29311
12501
7810
23011
24371
6873
28503
23801
3698
6106
15188
1600
26658
4731
7072
16147
20930
13711
15822
13450
25245
8065
22961
17913
10307
25842
14706
15546
3897
9891
2015
12589
17392
16022
22790
16636
8180
18544
8451
31396
30566
2338
3350
8753
23212
31176
29433
13128
8295
31185
19056
17515
19365
27745
25889
12153
8793
17651
22694
9076
2056
18243
20193
903
28868
32363
12431
14152
94
12108
24096
20538
10712
18991
27335
10390
25369
8108
3533
24395
16612
23756
15914
21827
3851
4714
11350
4072
14560
19423
3677
9447
5613
30942
29234
4915
28389
11932
2629
11598
20186
1076
10327
30916
29871
3659
23181
9976
30929
15855
24260
2850
31522
9925
24613
12697
27958
28772
13049
31822
19650
30460
702
26777
25169
24379
9850
25145
22585
8561
3919
18326
15822
20466
1360
840
19157
7356
9875
24285
30524
25177
23687
29399
15112
13319
15240
22517
2702
14615
177
32180
25318
22419
8690
18964
31389
29219
9314
26271
27306
15665
11478
24232
25507
28492
32434
29393
17201
20682
23807
17872
7618
28338
446
18034
4221
29913
8060
31455
28539
29514
8487
4385
9268
4843
7200
22752
20535
32094
10385
2671
2079
31782
5121
32525
15042
4875
8742
15972
6315
6591
20474
1366
4043
6337
19729
10745
12139
28034
7977
224
2149
31175
9219
10141
23956
25166
25969
22659
14473
8372
29617
11185
13951
27798
14841
26956
8593
16375
339
20747
10795
31457
5547
31481
21695
27215
16678
13686
28601
13899
4534
1151
9652
31572
7404
9776
32750
4866
13837
16519
27897
20461
19047
7275
8116
12490
22501
4589
23162
20183
12770
2509
31385
2938
2107
14400
22534
16676
25768
29936
19791
31612
4684
21573
31696
31418
9098
26083
8234
1616
2587
15476
2801
21200
30045
8871
4517
32522
27374
8568
3044
27764
19834
15283
12509
30416
17873
691
26888
20232
16957
26736
26645
32093
18
29369
8994
20160
21382
13245
30512
12672
8643
11216
5080
17702
16699
30828
32314
8606
13372
29814
16439
6551
29124
11715
6112
31787
12438
21467
15149
6595
26765
1021
1011
4149
32305
5731
6160
8752
19592
20678
25064
7642
303
8741
27926
5815
32424
19395
31579
30413
14582
7023
26074
11014
16487
6919
7816
28373
28338
22847
26078
31516
27201
12191
2257
7246
29648
10699
15107
29649
12855
29191
24891
26790
28804
26362
24595
2891
589
16050
17136
28896
16965
23273
20279
18826
24332
12935
22462
13845
27212
29800
25729
8413
24065
18270
663
7662
3096
19322
20580
5738
11324
16519
6671
17195
31725
30168
6710
15018
9426
26436
13025
5663
23888
11118
12981
29162
30555
5962
31339
19762
20876
15068
5760
3276
24180
6979
8493
9566
13873
19959
153
12484
26174
22863
21838
29362
29584
32326
11497
4251
17118
20350
19734
210
23360
14725
10940
29936
14075
24664
24949
17269
5787
30245
16193
5298
2627
28501
14459
22246
9538
14282
22540
15783
4070
19813
32734
20611
27541
25548
3476
19688
15641
30058
14200
24385
20796
26039
13748
30562
20373
6329
3014
15398
28577
9163
1582
25174
1046
31645
16489
27341
20595
17276
18211
3034
23772
8659
10921
18918
15397
15858
5533
855
30765
19215
15341
29620
6253
17546
13829
29193
30416
16246
7236
28301
22213
30036
30381
29570
29331
27681
21728
11613
29422
24468
8776
15911
1223
20385
2709
24611
360
22593
621
7089
23743
13941
18526
5234
19962
7816
29208
12717
26197
18325
23001
9713
2608
20554
40
6652
101
24811
13766
32476
3032
11930
8674
19284
17232
17365
30860
10369
7045
12864
30060
20925
22394
4517
28340
11204
21260
28729
5203
22294
23499
6177
12140
16796
3082
20020
30214
31629
23602
28163
18181
21395
24156
1814
25177
32298
22558
24441
29045
19529
11940
32632
29698
13637
22787
10918
25813
14322
19659
27172
11039
22283
6363
3103
11236
13524
8826
15515
4015
4605
14499
7023
4227
13258
29087
29585
25620
30065
1754
30612
5687
2244
8943
10095
26520
10767
22021
17280
1195
19268
9310
28881
10469
31317
25389
29337
555
1762
22440
7430
26763
11028
19551
25913
15914
15305
4300
12947
2941
9201
5931
21807
11196
12087
9356
17839
7572
26597
18214
4668
19485
3073
1774
7368
25611
23996
1128
3734
2344
21262
31165
9469
2
26778
21007
15209
8160
7127
19209
13986
8443
20593
21690
13649
6891
9453
9123
10688
18272
31373
10510
16609
23826
13427
26018
14994
5883
29192
18997
5919
15299
18591
6881
15880
14716
16470
2138
517
10639
6205
29566
9800
20726
5563
3886
18690
28844
25389
21597
22312
31330
16847
31846
28023
32116
4832
30115
19126
24603
31745
1595
14139
14564
10975
4411
1456
23649
31761
12777
4375
29470
2372
8533
23564
11222
25237
6704
13642
24039
30526
12001
1393
12292
29045
17878
10759
5930
2449
12312
444
16853
5231
3619
3570
17267
20756
30452
19836
5145
14739
5475
13478
14453
23345
12211
26230
9732
31176
19816
4914
14212
617
28504
8226
17837
4421
3589
31895
14364
3790
21034
18477
8848
10265
15252
11852
16984
9863
10803
6901
28684
27300
32113
11451
22908
3663
15810
2063
6118
29212
1149
28609
30316
14838
5610
18116
31940
32009
24988
24370
4658
11487
23809
14991
19635
30664
27703
8018
16507
10880
19745
10145
25506
21772
14523
11613
23067
14053
11946
14174
15845
13912
7960
19456
14213
26413
26302
19678
31411
25735
20802
16349
31572
523
5572
10605
28328
6212
436
23563
27845
28742
17894
24842
17988
4754
6632
24212
25146
32058
10643
7916
14442
1350
224
7413
15288
26453
27133
14840
18657
19336
29088
162
28010
16539
1436
6476
6870
29269
25010
21376
6684
7971
16041
26808
21336
4352
30624
23656
15809
7575
6564
7487
3035
29100
4478
19370
26606
11192
27598
18843
21686
2515
23390
30600
1628
11991
31152
17078
18341
17091
30169
26807
16234
29277
9618
5170
10824
4636
11405
14050
23704
26692
11781
17633
8353
25171
15513
13607
17677
14748
31834
27469
28570
19250
11043
28311
2066
9991
809
4658
20349
6741
11218
29370
30613
14653
11467
27904
20090
11183
5973
29193
21159
16777
23007
23642
17189
4611
29146
10866
32766
10826
28617
17049
20213
3947
407
9176
22644
6003
30510
10313
28870
24020
30021
15505
390
22283
19065
12458
10072
18304
6816
1510
22487
8622
21594
24112
9166
3971
9448
28821
27050
11018
24130
9988
3119
10823
867
18770
363
611
28392
22913
19944
17929
18393
1346
16422
17167
14535
20664
72
9049
7447
24191
18446
5370
6301
30957
22275
15773
19821
16536
30456
32036
9197
9240
9392
17294
22831
1294
12509
32286
18302
11877
27979
24505
7479
32727
14940
2193
30171
29363
2228
20736
2401
23518
9013
15286
26065
3864
21806
21271
26382
18305
16591
30175
24819
31068
31201
22280
12194
28946
14516
13549
8729
25466
14680
2991
29447
21335
6927
18136
17373
28707
21507
13886
20007
21003
3381
18987
16157
14138
31414
23226
29045
9818
1049
32388
31100
6744
20776
13436
14181
7016
3798
25880
25569
26954
117
32434
19184
6859
12585
12589
10486
22158
22941
3291
24081
2316
19956
2206
27562
15322
2051
13134
28746
29227
8637
5211
5551
11925
21486
32692
9504
1560
19757
24807
13821
25692
29963
16777
10906
25914
28561
3800
28493
26494
29930
25247
12230
15595
20828
21338
30367
7040
8573
3995
27444
13306
7843
18604
8629
4506
3996
12406
12666
10024
12703
3745
1430
11576
11651
12541
7086
13740
27951
15137
9484
6266
25938
6482
15855
7600
10068
6822
12069
2229
20364
30312
28124
26833
9139
16575
19894
21231
30104
4747
6427
26786
7702
26768
979
20583
9283
32214
11220
810
25835
9551
7256
4875
20029
26299
1843
20321
963
25289
10340
27135
32408
17023
2026
439
32213
13787
3545
13853
23372
17851
7340
10381
6265
31994
9693
3696
14261
11484
27827
14522
13741
20652
27484
13495
14099
21667
3643
27144
16019
17420
14723
23017
32521
8870
19717
25525
7665
30026
6726
12971
31262
15821
213
14578
19120
28200
9435
23515
10816
5846
29684
13671
25181
21630
27709
3849
2876
16594
22959
31148
21419
27319
32171
9976
1351
6566
21717
26577
6383
24658
28454
29729
28536
17035
3645
24536
674
29282
32246
24881
8779
26766
23358
19510
4579
23566
15654
26502
6688
23824
29750
32342
25331
5906
21507
21430
10682
32327
15107
23317
10167
27708
19617
23048
15553
28603
4493
22343
12857
21488
29270
31480
10816
8906
16442
17457
3879
9892
16445
14264
5927
12069
27768
27661
12371
7524
24500
5802
26826
31568
7991
32393
10033
8784
14046
30695
18273
13606
23404
19784
28508
28953
1826
14779
12422
6739
17552
22623
18706
1928
7082
11558
6586
4312
21790
10969
9139
26103
2021
23132
8928
3979
9496
1844
6214
8149
30214
5446
22720
22164
16515
25569
29683
15398
1411
25087
1925
30705
3559
14280
21130
26113
14742
10584
7487
12274
17616
5826
18683
27921
30655
15701
7266
3518
29775
7710
8156
5653
5696
11693
7750
27597
6522
12572
7655
15199
31392
27726
26021
14443
17895
1397
25208
15704
18473
16855
288
3644
22069
32721
20499
17147
7786
4636
32186
7346
14468
24655
1756
19030
26549
28837
10587
24728
17144
16129
28446
2316
14242
1327
25934
11403
6713
22637
21445
7382
14730
16426
2243
379
10230
10765
3299
3069
12045
24377
21326
14127
8542
24272
14895
5601
32396
16821
28519
29886
7589
2967
3457
21365
20912
3371
1256
30999
15493
15288
9559
10176
17378
8665
23442
13178
23738
19839
30548
94
8400
24373
3464
11261
25221
7848
19131
26110
13038
14438
18898
15368
3626
2278
17144
23778
8691
6345
9947
5848
25202
11871
31256
5473
24920
6253
1267
8704
6954
5677
11084
27752
11996
151
207
7651
13218
6367
28010
15348
8451
8255
30212
7739
32047
7414
32108
31642
17810
28817
4495
21142
17833
9065
6383
12544
20501
2413
29776
7892
3566
9249
26804
12385
22617
26087
25994
938
20573
14974
31523
11533
10482
30920
5477
22306
22363
8656
20163
6630
7606
4363
28525
19737
9170
478
27843
23012
4672
3681
32016
20415
25517
2915
4981
16530
24687
26030
22563
10266
30813
25739
28877
25231
28388
30089
11614
30340
3415
25979
27879
13838
20359
10944
20187
31528
16020
9415
1150
854
28162
29905
22171
11913
20239
21497
13173
9539
20036
2674
22785
10747
28491
27665
28498
6595
23296
32267
10069
24616
5066
10751
12734
25178
17452
8759
8770
9613
23447
23339
4871
13470
28035
15942
7257
2298
1726
31213
29854
31420
27907
4798
19596
31765
31950
6677
15257
9201
6511
11733
20659
19415
25437
9573
6962
17681
10446
4088
16395
26894
17540
26642
28486
2308
24298
8264
19890
217
17759
27975
9943
28996
19410
28951
31532
25904
27791
11169
16010
26209
6744
21615
23265
17753
30904
436
19242
6269
28308
16524
25244
13940
18179
644
5155
12240
21600
1117
19982
3056
18845
4621
15879
19748
15833
19463
4425
19
3637
20924
1293
23130
4580
30050
23365
11382
21634
23796
1933
10980
19111
13434
10335
21126
13499
21898
8326
27721
9228
2063
25813
29701
22045
16457
21016
26277
23106
32277
8011
15239
13673
12655
16394
3366
30779
18485
19273
13558
31588
18733
14917
24207
13870
8266
5050
22030
25429
43
22359
5560
26647
31973
15727
22241
12682
17410
7921
10765
31794
5578
6554
23124
14803
25537
17513
8203
2436
14448
2132
26272
30213
19560
28985
10694
28242
27781
2839
11730
11384
5488
8062
5989
32424
26727
26436
9804
9866
23873
1146
6052
17107
21932
22686
29506
30490
30138
2834
18514
17896
26012
21453
7485
20750
24749
24145
5841
29755
13746
22749
6812
28109
7263
995
28824
2536
1054
21948
10254
965
16397
1691
17332
4429
13381
6336
28952
19687
26722
12526
20290
29070
9024
21278
2197
7462
29698
22389
17399
3344
19545
11124
12594
2300
4099
13167
13465
28670
15761
24640
30190
7141
5230
19772
22147
3784
23581
31334
4768
7905
12482
30435
4645
5278
30948
4014
11376
28406
26737
22157
25473
16890
13570
5444
23132
25516
24417
264
2735
23315
13897
16950
32181
17807
30316
9285
3162
9835
11194
506
27296
21681
14305
16858
577
31554
8720
30437
24726
24357
5121
31105
15287
24608
10294
3253
21220
26501
28035
25495
11812
14671
17356
6920
299
23405
30224
31646
13697
1886
13734
6114
24545
23038
23239
6844
9440
13728
3661
23083
20687
2652
16570
569
9953
30891
4732
27695
11153
561
4464
30213
28222
15577
28580
28188
5656
15399
5985
26416
13888
9418
16489
2184
11563
7793
27261
11887
4936
6112
24866
28392
31970
4419
11429
22174
4935
24770
5213
29210
18730
9557
5680
30520
11846
23514
30552
8924
9796
19045
21095
7905
1759
13783
18057
1106
24902
5554
11274
19933
31425
14891
29208
20100
14488
6273
2505
150
817
12686
608
16606
25720
18076
15052
18970
25987
20601
19569
1199
28535
27854
4907
32410
13221
13740
30352
8106
24313
14184
22646
28140
7317
30889
19638
30311
11193
18623
32303
11786
3302
18486
25869
24291
2627
24491
12875
30098
7999
6367
5238
17148
888
3594
14772
1604
23772
25458
13062
21239
23821
32571
7370
10118
19978
29569
12420
18426
21005
20132
9181
12515
23215
17891
30956
13969
6994
28205
9141
9351
31424
30515
10479
28973
18448
7362
6667
22981
14026
16976
4721
31392
26187
27861
6669
14226
30826
3804
4362
2211
31579
23257
2269
32519
10964
4029
11910
5713
19567
29640
10770
9699
11088
29086
5989
1705
30471
2974
31798
16647
2487
6511
24411
22287
22904
987
25927
32504
6395
29409
5585
25035
19309
8709
12087
12896
20381
20203
10850
12425
9824
30244
21611
27789
30773
21064
8543
24280
7717
20805
7231
10224
12781
29686
6219
3243
26975
19448
1920
672
16646
3001
6752
24795
14857
23761
3313
2261
12113
28822
17672
7075
1518
32490
9671
3949
15543
10072
15461
14626
7985
26720
10797
7786
8115
8462
28618
9180
7367
20690
32193
27506
5586
2443
11839
30521
4856
18405
3093
25677
17466
9701
2817
20997
7137
7106
5423
18795
26656
17143
4607
14575
12277
20374
18953
22620
22352
13279
19551
2314
20087
8721
14609
1622
20649
24704
5367
31311
30209
9192
2730
19122
7326
25601
15572
12825
27905
24147
3498
31087
32182
15180
32694
26023
23095
2448
5082
11693
28941
912
18578
3229
11576
21342
7801
17460
16081
18624
17935
9092
22254
13699
23225
26091
23238
25617
20233
32325
21014
23622
28224
8801
5315
27264
5905
10930
31680
7413
5032
6727
6450
11082
13035
25341
15314
31841
1792
14836
16787
15986
27919
4159
32134
17757
16969
992
13562
9022
27177
23795
30695
12098
2553
27433
22669
28346
7577
22392
18008
5230
18812
15889
4103
2612
3571
9363
20749
14529
16302
8318
20023
446
27007
16874
1424
8223
31586
5753
30082
25264
27323
22666
24381
29936
10206
7855
2141
10787
3284
8034
16326
32419
10589
23795
10707
17271
4145
19909
6065
10278
2443
21690
28165
5837
20200
7660
24277
5744
13324
13214
31397
10126
24903
24434
23776
20216
758
11228
30586
17123
4684
6614
16852
28219
6995
24277
20192
15930
9261
16124
3717
28218
6560
22416
15941
17863
25810
28077
19741
31993
3664
5431
13996
15104
4693
17426
6552
25345
19018
9622
3374
8993
3977
213145